3.019738342231850087e-02
1.056908419781147634e-01
1.849589734617008152e-01
2.157854690386510066e-01
1.888122854088196134e-01
1.321685997861737627e-01
7.709834987526800743e-02
3.854917493763400371e-02
1.686526403521487055e-02
6.558713791472457755e-03
2.295549827015358132e-03
7.304022176867047125e-04
2.130339801586227002e-04
5.735530235039845004e-05
1.433882558759955830e-05
3.345725970439895525e-06
7.318775560337269873e-07
1.506806733010615585e-07
2.929901980853983203e-08
5.397187859467856133e-09
9.445078754068754851e-10
1.574179792344792992e-10
2.504376942366706842e-11
3.811008390558032818e-12
